baseline rounds=6 candidate rounds=6
scenario                    n |   v72 p95  cand p95  delta% |  v72 p50 cand p50 | gate
----------------------------------------------------------------------------------------------------
dense_crowd                10 |    17.236    17.024   -1.2% |    4.766    5.267 | 18.097 PASS
dense_crowd                20 |    24.643    24.846   +0.8% |    3.332    4.454 | 25.875 PASS
dense_crowd                30 |    30.768    28.928   -6.0% |    9.528    8.875 | 32.307 PASS | hist 12.31: FAIL
open_pursuit               10 |    16.756    17.080   +1.9% |    4.758    4.666 | 17.594 PASS
open_pursuit               20 |    22.451    22.061   -1.7% |    5.394    2.926 | 23.574 PASS
open_pursuit               30 |    25.883    26.386   +1.9% |    3.482    4.938 | 27.177 PASS
sustained_close_attacks    10 |    18.709    18.096   -3.3% |    5.042    5.258 | 19.644 PASS
sustained_close_attacks    20 |    27.047    23.969  -11.4% |    4.593    5.029 | 28.399 PASS
sustained_close_attacks    30 |    32.702    34.468   +5.4% |    9.674    7.688 | 34.337 FAIL | hist 12.56: FAIL
world_obstacles            10 |    16.299    16.237   -0.4% |    3.530    3.715 | 17.114 PASS
world_obstacles            20 |    19.712    19.915   +1.0% |    4.936    5.051 | 20.698 PASS
world_obstacles            30 |    22.590    22.647   +0.3% |    3.386    4.360 | 23.720 PASS

('dense_crowd', 10) v72: [17.354, 17.202, 17.245, 18.037, 17.226, 16.209] cand: [17.598, 16.686, 17.791, 16.931, 17.012, 17.036]
('dense_crowd', 20) v72: [24.539, 24.747, 25.939, 24.868, 24.082, 24.204] cand: [25.11, 24.891, 24.801, 25.09, 22.969, 22.353]
('dense_crowd', 30) v72: [29.49, 28.335, 35.268, 31.703, 33.028, 29.834] cand: [28.093, 29.586, 28.271, 30.68, 27.021, 30.948]
('open_pursuit', 10) v72: [17.883, 16.328, 17.142, 18.116, 16.371, 16.365] cand: [18.362, 17.475, 17.104, 17.056, 16.486, 16.381]
('open_pursuit', 20) v72: [23.763, 21.461, 22.57, 22.333, 23.249, 21.533] cand: [21.978, 24.28, 24.927, 21.132, 22.114, 22.007]
('open_pursuit', 30) v72: [25.822, 25.944, 27.547, 27.837, 25.707, 25.681] cand: [26.346, 29.353, 26.652, 26.427, 25.615, 25.331]
('sustained_close_attacks', 10) v72: [19.352, 18.997, 18.923, 18.32, 18.35, 18.494] cand: [18.402, 18.31, 17.657, 18.003, 18.189, 17.977]
('sustained_close_attacks', 20) v72: [28.423, 27.467, 26.626, 24.798, 26.319, 27.479] cand: [25.609, 27.053, 23.761, 23.614, 23.839, 24.099]
('sustained_close_attacks', 30) v72: [36.249, 33.296, 32.062, 32.108, 31.612, 34.152] cand: [32.941, 27.753, 37.068, 35.995, 36.091, 32.904]
('world_obstacles', 10) v72: [16.106, 16.272, 16.326, 16.186, 16.65, 16.339] cand: [16.114, 16.872, 16.155, 16.255, 16.254, 16.22]
('world_obstacles', 20) v72: [19.891, 19.774, 19.702, 16.973, 19.722, 16.513] cand: [20.16, 20.465, 19.692, 19.845, 19.826, 19.984]
('world_obstacles', 30) v72: [22.617, 22.163, 22.843, 22.439, 22.564, 22.7] cand: [22.558, 23.214, 22.511, 22.898, 22.541, 22.736]
